# Metapopulation input DAT file, JKTB, 20161014
# NOTE - this format assumes that there are no years with missing data

# data number of fisheries
1

# data number of indices
1

# number of populations - does this go here or in the CFG file?
2

# data number of areas
2

# data start year end year
-9 20

# data length range (cm)
0 100

# data age range
0 9

# CATCH BIOMASS (MT)
# Year-9	-8	-7	-6	-5	-4	-3	-2	-1	0	1	2	3	4	5	6	7	8	9	10	11	12	13	14	15	16	17	18	19	20
# AREA 1
13199.2	12841.9	12556.2	12331.0	12138.5	11979.5	11859.1	11771.5	11709.3	11659.9	40784.0	32307.0	28392.8	26300.2	24956.9	23962.3	23253.2	22716.0	22331.0	22030.5	11848.1	13367.5	14157.3	14599.9	14921.5	15191.7	15391.1	15552.8	15670.1	15766.2
# AREA 2
9608.6	9963.1	10246.3	10455.0	10547.4	10538.9	10506.4	10472.3	10438.4	10409.0	19897.4	18393.6	16830.1	15682.1	14889.3	14303.0	13850.3	13509.7	13248.6	13052.0	12900.9	12785.6	12950.7	13150.4	13317.6	13473.5	13620.2	13739.7	13839.8	13918.6

# CATCH PROPORTION AT AGE
# AREA 1
# Year-9	-8	-7	-6	-5	-4	-3	-2	-1	0	1	2	3	4	5	6	7	8	9	10	11	12	13	14	15	16	17	18	19	20
0.000	0.000	0.000	0.000	0.000	0.000	0.000	0.000	0.000	0.000	0.000	0.000	0.000	0.000	0.000	0.000	0.000	0.000	0.000	0.000	0.000	0.000	0.000	0.000	0.000	0.000	0.000	0.000	0.000	0.000
0.000	0.000	0.000	0.000	0.000	0.000	0.000	0.000	0.000	0.000	0.000	0.000	0.000	0.000	0.000	0.000	0.000	0.000	0.000	0.000	0.000	0.000	0.000	0.000	0.000	0.000	0.000	0.000	0.000	0.000
0.000	0.000	0.000	0.000	0.000	0.000	0.000	0.000	0.000	0.000	0.000	0.000	0.000	0.000	0.000	0.000	0.000	0.000	0.000	0.000	0.000	0.000	0.000	0.000	0.000	0.000	0.000	0.000	0.000	0.000
0.146	0.145	0.146	0.146	0.144	0.145	0.146	0.147	0.147	0.148	0.157	0.195	0.217	0.232	0.235	0.241	0.243	0.247	0.249	0.251	0.243	0.217	0.206	0.201	0.202	0.199	0.198	0.196	0.196	0.195
0.221	0.221	0.221	0.221	0.222	0.219	0.220	0.220	0.222	0.222	0.221	0.235	0.268	0.282	0.298	0.298	0.304	0.303	0.308	0.307	0.314	0.308	0.288	0.281	0.275	0.277	0.274	0.275	0.272	0.273
0.164	0.164	0.164	0.164	0.164	0.165	0.162	0.162	0.162	0.164	0.161	0.149	0.149	0.163	0.166	0.175	0.172	0.176	0.173	0.177	0.177	0.193	0.195	0.186	0.184	0.180	0.183	0.180	0.182	0.179
0.122	0.122	0.122	0.121	0.122	0.122	0.122	0.120	0.120	0.120	0.120	0.108	0.096	0.092	0.099	0.098	0.105	0.101	0.105	0.100	0.106	0.110	0.126	0.125	0.122	0.121	0.118	0.121	0.118	0.121
0.090	0.090	0.090	0.090	0.090	0.091	0.091	0.091	0.089	0.088	0.087	0.082	0.068	0.061	0.056	0.061	0.059	0.064	0.059	0.063	0.059	0.068	0.070	0.083	0.080	0.081	0.079	0.078	0.080	0.078
0.067	0.067	0.067	0.067	0.067	0.067	0.067	0.067	0.067	0.066	0.064	0.059	0.053	0.042	0.040	0.034	0.038	0.035	0.040	0.035	0.040	0.037	0.046	0.045	0.056	0.051	0.055	0.051	0.053	0.053
0.191	0.191	0.191	0.191	0.191	0.192	0.192	0.192	0.192	0.192	0.189	0.172	0.149	0.128	0.107	0.093	0.079	0.073	0.067	0.066	0.062	0.067	0.069	0.078	0.081	0.091	0.093	0.099	0.099	0.101

# CATCH PROPORTION AT AGE
# AREA 2
# Year-9	-8	-7	-6	-5	-4	-3	-2	-1	0	1	2	3	4	5	6	7	8	9	10	11	12	13	14	15	16	17	18	19	20
0.002	0.002	0.002	0.002	0.002	0.002	0.002	0.002	0.002	0.002	0.002	0.002	0.002	0.002	0.002	0.002	0.002	0.002	0.002	0.002	0.002	0.002	0.002	0.002	0.002	0.002	0.002	0.002	0.002	0.002
0.007	0.007	0.007	0.007	0.007	0.007	0.007	0.007	0.007	0.008	0.004	0.005	0.006	0.006	0.006	0.007	0.007	0.007	0.007	0.007	0.013	0.012	0.011	0.011	0.011	0.011	0.010	0.010	0.010	0.010
0.043	0.043	0.043	0.040	0.040	0.040	0.040	0.040	0.041	0.041	0.042	0.045	0.049	0.051	0.053	0.054	0.055	0.056	0.057	0.057	0.058	0.058	0.057	0.056	0.056	0.056	0.056	0.055	0.055	0.055
0.141	0.141	0.141	0.141	0.133	0.134	0.135	0.135	0.136	0.136	0.138	0.147	0.159	0.169	0.175	0.177	0.181	0.182	0.185	0.186	0.187	0.188	0.185	0.182	0.181	0.181	0.179	0.179	0.178	0.178
0.189	0.190	0.190	0.190	0.192	0.182	0.184	0.185	0.185	0.186	0.185	0.190	0.199	0.214	0.223	0.229	0.228	0.233	0.233	0.236	0.236	0.237	0.237	0.232	0.229	0.228	0.230	0.227	0.228	0.226
0.158	0.158	0.158	0.158	0.160	0.162	0.154	0.155	0.156	0.155	0.156	0.152	0.152	0.156	0.167	0.170	0.175	0.172	0.176	0.173	0.177	0.175	0.180	0.179	0.175	0.174	0.172	0.175	0.172	0.174
0.119	0.119	0.119	0.119	0.120	0.122	0.124	0.117	0.119	0.119	0.117	0.116	0.108	0.106	0.106	0.115	0.114	0.118	0.114	0.118	0.114	0.118	0.116	0.123	0.121	0.119	0.118	0.117	0.120	0.117
0.088	0.088	0.088	0.088	0.089	0.091	0.092	0.093	0.087	0.089	0.089	0.085	0.083	0.073	0.072	0.070	0.077	0.074	0.078	0.073	0.078	0.072	0.078	0.075	0.084	0.080	0.080	0.079	0.078	0.081
0.065	0.065	0.065	0.065	0.066	0.067	0.068	0.069	0.069	0.065	0.066	0.064	0.059	0.057	0.047	0.048	0.045	0.051	0.047	0.052	0.045	0.051	0.045	0.052	0.049	0.058	0.052	0.055	0.052	0.053
0.187	0.187	0.187	0.187	0.189	0.192	0.194	0.196	0.198	0.199	0.196	0.189	0.178	0.161	0.145	0.125	0.113	0.101	0.098	0.092	0.092	0.087	0.089	0.086	0.092	0.092	0.100	0.100	0.104	0.104



# SURVEY BIOMASS (KG)
-9	-8	-7	-6	-5	-4	-3	-2	-1	0	1	2	3	4	5	6	7	8	9	10	11	12	13	14	15	16	17	18	19	20
# AREA 1
127.0	123.6	120.9	118.7	116.9	115.4	114.3	113.5	112.9	112.4	91.3	73.2	64.9	60.4	57.4	55.2	53.7	52.5	51.6	51.0	57.4	64.2	67.8	69.8	71.3	72.6	73.5	74.2	74.8	75.2
# AREA 2
93.7	97.1	99.8	101.9	102.7	102.5	102.2	101.8	101.5	101.3	94.4	87.5	80.4	75.2	71.6	68.9	66.8	65.2	64.0	63.0	62.3	61.8	62.6	63.5	64.2	65.0	65.7	66.2	66.7	67.0

# SURVEY PROPORTION AT AGE
# AREA 1
# Year-9	-8	-7	-6	-5	-4	-3	-2	-1	0	1	2	3	4	5	6	7	8	9	10	11	12	13	14	15	16	17	18	19	20
0.001	0.001	0.001	0.001	0.001	0.001	0.001	0.001	0.001	0.001	0.002	0.002	0.002	0.002	0.002	0.003	0.003	0.003	0.003	0.003	0.002	0.002	0.002	0.002	0.002	0.002	0.002	0.002	0.002	0.002
0.007	0.007	0.007	0.007	0.007	0.007	0.007	0.007	0.007	0.007	0.009	0.010	0.011	0.012	0.012	0.012	0.013	0.013	0.013	0.013	0.012	0.011	0.010	0.010	0.010	0.010	0.010	0.010	0.010	0.010
0.035	0.035	0.036	0.035	0.035	0.036	0.036	0.036	0.036	0.036	0.044	0.054	0.060	0.062	0.064	0.065	0.066	0.067	0.067	0.068	0.060	0.055	0.052	0.052	0.051	0.051	0.050	0.050	0.050	0.050
0.156	0.156	0.157	0.157	0.155	0.156	0.157	0.158	0.159	0.159	0.173	0.211	0.233	0.248	0.250	0.256	0.258	0.262	0.263	0.265	0.254	0.230	0.219	0.213	0.214	0.211	0.211	0.209	0.209	0.208
0.201	0.200	0.200	0.200	0.200	0.198	0.198	0.199	0.201	0.200	0.195	0.204	0.230	0.241	0.254	0.253	0.258	0.257	0.261	0.260	0.271	0.269	0.252	0.247	0.241	0.244	0.241	0.242	0.239	0.240
0.155	0.155	0.155	0.155	0.155	0.155	0.153	0.153	0.153	0.155	0.149	0.135	0.133	0.145	0.148	0.156	0.153	0.156	0.153	0.156	0.159	0.176	0.178	0.171	0.169	0.165	0.167	0.165	0.167	0.164
0.115	0.115	0.115	0.115	0.115	0.116	0.116	0.114	0.113	0.113	0.112	0.098	0.087	0.083	0.088	0.088	0.094	0.090	0.093	0.089	0.096	0.100	0.115	0.115	0.113	0.111	0.109	0.111	0.109	0.112
0.085	0.085	0.085	0.086	0.086	0.086	0.086	0.086	0.085	0.084	0.081	0.074	0.062	0.055	0.050	0.054	0.052	0.057	0.053	0.056	0.054	0.062	0.065	0.077	0.074	0.075	0.073	0.072	0.074	0.072
0.063	0.063	0.063	0.063	0.064	0.064	0.064	0.064	0.064	0.063	0.060	0.054	0.048	0.038	0.035	0.030	0.034	0.031	0.035	0.031	0.036	0.034	0.043	0.041	0.052	0.047	0.051	0.047	0.049	0.049
0.181	0.181	0.181	0.181	0.182	0.182	0.182	0.182	0.182	0.182	0.176	0.157	0.134	0.115	0.096	0.083	0.071	0.065	0.059	0.059	0.056	0.062	0.063	0.072	0.075	0.084	0.086	0.092	0.092	0.094

# SURVEY PROPORTION AT AGE
# AREA 2
# Year-9	-8	-7	-6	-5	-4	-3	-2	-1	0	1	2	3	4	5	6	7	8	9	10	11	12	13	14	15	16	17	18	19	20
0.002	0.002	0.002	0.002	0.002	0.002	0.002	0.002	0.002	0.002	0.002	0.002	0.002	0.002	0.002	0.002	0.002	0.002	0.002	0.002	0.002	0.002	0.002	0.002	0.002	0.002	0.002	0.002	0.002	0.002
0.008	0.008	0.008	0.008	0.008	0.008	0.008	0.008	0.008	0.008	0.008	0.009	0.009	0.010	0.010	0.010	0.011	0.011	0.011	0.011	0.011	0.011	0.011	0.011	0.011	0.011	0.011	0.011	0.011	0.011
0.042	0.041	0.040	0.038	0.038	0.038	0.038	0.038	0.038	0.038	0.041	0.043	0.047	0.049	0.050	0.052	0.052	0.053	0.054	0.054	0.055	0.055	0.054	0.054	0.054	0.053	0.053	0.053	0.053	0.052
0.157	0.157	0.157	0.157	0.149	0.150	0.151	0.151	0.151	0.151	0.156	0.165	0.178	0.189	0.195	0.197	0.201	0.203	0.205	0.206	0.208	0.209	0.206	0.202	0.201	0.202	0.200	0.200	0.198	0.198
0.196	0.197	0.198	0.198	0.200	0.190	0.192	0.193	0.193	0.194	0.193	0.198	0.206	0.222	0.230	0.235	0.235	0.240	0.239	0.243	0.242	0.244	0.244	0.239	0.236	0.234	0.236	0.233	0.235	0.232
0.153	0.153	0.154	0.154	0.156	0.158	0.150	0.152	0.153	0.151	0.152	0.148	0.147	0.150	0.161	0.164	0.168	0.165	0.169	0.167	0.170	0.168	0.172	0.172	0.168	0.167	0.165	0.168	0.165	0.167
0.114	0.114	0.114	0.115	0.116	0.118	0.119	0.113	0.114	0.115	0.112	0.112	0.104	0.101	0.101	0.109	0.108	0.112	0.108	0.112	0.108	0.112	0.110	0.117	0.115	0.113	0.112	0.111	0.114	0.111
0.085	0.085	0.085	0.085	0.086	0.087	0.088	0.089	0.084	0.086	0.085	0.081	0.079	0.070	0.068	0.067	0.073	0.070	0.074	0.069	0.074	0.069	0.074	0.072	0.080	0.076	0.076	0.075	0.074	0.077
0.063	0.063	0.063	0.063	0.064	0.065	0.065	0.066	0.067	0.063	0.064	0.062	0.057	0.054	0.045	0.046	0.043	0.048	0.044	0.049	0.043	0.048	0.043	0.050	0.046	0.055	0.049	0.052	0.050	0.050
0.179	0.179	0.180	0.180	0.182	0.185	0.187	0.189	0.191	0.192	0.188	0.181	0.170	0.153	0.138	0.119	0.107	0.096	0.093	0.087	0.087	0.082	0.084	0.081	0.087	0.087	0.095	0.095	0.099	0.099

